type= raw events
count= -1
speed= 1.0
start data >>
LaunchActivity(es.uc3m.cosec.simplelogin,es.uc3m.cosec.simplelogin.LoginActivity)
DispatchPointer(282918,282932,0,24.0,4.0,0.0,0.0,0,1.0,1.0,0,0)
DispatchPointer(282918,283028,1,18.004356,0.0,0.0,0.0,0,1.0,1.0,0,0)
DispatchKey(283098,283098,0,82,0,0,-1,0)
DispatchKey(285819,285819,1,82,0,0,-1,0)
DispatchPointer(285915,285915,0,465.0,378.0,0.0,0.0,0,1.0,1.0,0,0)
DispatchPointer(285915,285958,1,462.8724,383.26428,0.0,0.0,0,1.0,1.0,0,0)
DispatchKey(286004,286004,0,82,0,0,-1,0)
DispatchKey(286046,286046,1,82,0,0,-1,0)
DispatchKey(286141,286141,0,25,0,0,-1,0)
DispatchKey(286377,286377,1,25,0,0,-1,0)
DispatchTrackball(-1,287387,2,2.0,0.0,0.0,0.0,0,1.0,1.0,0,0)
DispatchTrackball(-1,287476,2,0.0,2.0,0.0,0.0,0,1.0,1.0,0,0)
DispatchTrackball(-1,287540,2,4.0,-2.0,0.0,0.0,0,1.0,1.0,0,0)
DispatchTrackball(-1,287572,2,2.0,4.0,0.0,0.0,0,1.0,1.0,0,0)
DispatchTrackball(-1,287590,2,-5.0,-3.0,0.0,0.0,0,1.0,1.0,0,0)
DispatchTrackball(-1,287696,2,3.0,-2.0,0.0,0.0,0,1.0,1.0,0,0)
DispatchTrackball(-1,287873,2,3.0,-4.0,0.0,0.0,0,1.0,1.0,0,0)
DispatchTrackball(-1,298179,2,2.0,0.0,0.0,0.0,0,1.0,1.0,0,0)
DispatchPointer(298483,298484,0,81.0,492.0,0.0,0.0,0,1.0,1.0,0,0)
DispatchPointer(298483,298521,2,86.73647,490.96524,0.0,0.0,0,1.0,1.0,0,0)
DispatchPointer(298483,298539,2,101.58925,487.98502,0.0,0.0,0,1.0,1.0,0,0)
DispatchPointer(298483,298550,2,105.92768,481.2811,0.0,0.0,0,1.0,1.0,0,0)
DispatchPointer(298483,298574,2,109.457985,479.65704,0.0,0.0,0,1.0,1.0,0,0)
DispatchPointer(298483,298672,1,116.42144,475.7826,0.0,0.0,0,1.0,1.0,0,0)
DispatchTrackball(-1,298790,2,-3.0,4.0,0.0,0.0,0,1.0,1.0,0,0)
DispatchTrackball(-1,298852,2,2.0,-5.0,0.0,0.0,0,1.0,1.0,0,0)
DispatchTrackball(-1,298863,2,-2.0,4.0,0.0,0.0,0,1.0,1.0,0,0)
DispatchTrackball(-1,298873,2,4.0,2.0,0.0,0.0,0,1.0,1.0,0,0)
DispatchTrackball(-1,298893,2,-2.0,-4.0,0.0,0.0,0,1.0,1.0,0,0)
DispatchTrackball(-1,298903,2,-5.0,1.0,0.0,0.0,0,1.0,1.0,0,0)
DispatchTrackball(-1,298916,2,-1.0,1.0,0.0,0.0,0,1.0,1.0,0,0)
DispatchTrackball(-1,298934,2,2.0,-3.0,0.0,0.0,0,1.0,1.0,0,0)
DispatchTrackball(-1,298962,2,0.0,-1.0,0.0,0.0,0,1.0,1.0,0,0)
DispatchTrackball(-1,312977,2,2.0,4.0,0.0,0.0,0,1.0,1.0,0,0)
GUIGen(3)
DispatchPointer(333238,333238,0,213.0,208.0,0.0,0.0,0,1.0,1.0,0,0)
DispatchPointer(333238,333284,1,203.26463,196.93542,0.0,0.0,0,1.0,1.0,0,0)
DispatchKey(333338,333338,0,82,0,0,-1,0)
DispatchKey(333427,333427,1,82,0,0,-1,0)
DispatchKey(333553,333553,0,82,0,0,-1,0)
DispatchKey(333569,333569,1,82,0,0,-1,0)
DispatchPointer(334384,334384,0,89.0,623.0,0.0,0.0,0,1.0,1.0,0,0)
DispatchPointer(334384,334398,1,94.099525,622.4037,0.0,0.0,0,1.0,1.0,0,0)
DispatchPointer(334436,334437,0,166.0,772.0,0.0,0.0,0,1.0,1.0,0,0)
DispatchPointer(334436,334452,2,153.35063,775.6838,0.0,0.0,0,1.0,1.0,0,0)
DispatchPointer(334436,334462,2,149.04568,780.2186,0.0,0.0,0,1.0,1.0,0,0)
DispatchPointer(334436,334490,2,146.55418,780.43054,0.0,0.0,0,1.0,1.0,0,0)
DispatchPointer(334436,334513,2,140.13391,786.3583,0.0,0.0,0,1.0,1.0,0,0)
DispatchPointer(334436,334521,2,131.219,787.0978,0.0,0.0,0,1.0,1.0,0,0)
DispatchPointer(334436,334565,2,124.02007,787.0985,0.0,0.0,0,1.0,1.0,0,0)
DispatchPointer(334436,334573,2,113.77684,787.22345,0.0,0.0,0,1.0,1.0,0,0)
DispatchPointer(334436,334578,1,107.94496,794.2043,0.0,0.0,0,1.0,1.0,0,0)
DispatchKey(334590,334590,0,20,0,0,-1,0)
DispatchKey(334609,334609,1,20,0,0,-1,0)
DispatchPointer(334645,334646,0,268.0,677.0,0.0,0.0,0,1.0,1.0,0,0)
DispatchPointer(334645,334710,2,270.30002,691.7546,0.0,0.0,0,1.0,1.0,0,0)
DispatchPointer(334645,334823,2,271.44604,698.9906,0.0,0.0,0,1.0,1.0,0,0)
DispatchPointer(334645,334841,2,288.5205,699.1694,0.0,0.0,0,1.0,1.0,0,0)
DispatchPointer(334645,334855,2,300.42795,715.1104,0.0,0.0,0,1.0,1.0,0,0)
DispatchPointer(334645,334873,2,303.4655,718.0409,0.0,0.0,0,1.0,1.0,0,0)
DispatchPointer(334645,334959,2,307.1401,732.1746,0.0,0.0,0,1.0,1.0,0,0)
DispatchPointer(334645,334995,2,317.99878,752.9046,0.0,0.0,0,1.0,1.0,0,0)
DispatchPointer(334645,335013,2,334.40152,759.26807,0.0,0.0,0,1.0,1.0,0,0)
DispatchPointer(334645,335036,2,354.8817,765.4165,0.0,0.0,0,1.0,1.0,0,0)
DispatchPointer(334645,335056,1,358.74927,776.48535,0.0,0.0,0,1.0,1.0,0,0)
DispatchTrackball(-1,335110,2,1.0,-2.0,0.0,0.0,0,1.0,1.0,0,0)
DispatchTrackball(-1,335296,2,-3.0,4.0,0.0,0.0,0,1.0,1.0,0,0)
DispatchTrackball(-1,335385,2,-2.0,0.0,0.0,0.0,0,1.0,1.0,0,0)
DispatchTrackball(-1,335491,2,-4.0,-4.0,0.0,0.0,0,1.0,1.0,0,0)
DispatchTrackball(-1,335539,2,-5.0,0.0,0.0,0.0,0,1.0,1.0,0,0)
DispatchTrackball(-1,335585,2,1.0,-2.0,0.0,0.0,0,1.0,1.0,0,0)
DispatchTrackball(-1,335624,2,1.0,-2.0,0.0,0.0,0,1.0,1.0,0,0)
DispatchTrackball(-1,335643,2,4.0,3.0,0.0,0.0,0,1.0,1.0,0,0)
DispatchTrackball(-1,335658,2,0.0,3.0,0.0,0.0,0,1.0,1.0,0,0)
DispatchTrackball(-1,335685,2,3.0,2.0,0.0,0.0,0,1.0,1.0,0,0)
DispatchTrackball(-1,335708,2,0.0,4.0,0.0,0.0,0,1.0,1.0,0,0)
DispatchTrackball(-1,335779,2,-2.0,4.0,0.0,0.0,0,1.0,1.0,0,0)
DispatchTrackball(-1,335831,2,3.0,0.0,0.0,0.0,0,1.0,1.0,0,0)
DispatchTrackball(-1,335840,2,-3.0,-3.0,0.0,0.0,0,1.0,1.0,0,0)
DispatchTrackball(-1,335849,2,3.0,-4.0,0.0,0.0,0,1.0,1.0,0,0)
DispatchTrackball(-1,335906,2,2.0,-4.0,0.0,0.0,0,1.0,1.0,0,0)
DispatchTrackball(-1,335914,2,-5.0,0.0,0.0,0.0,0,1.0,1.0,0,0)
DispatchTrackball(-1,335930,2,4.0,-2.0,0.0,0.0,0,1.0,1.0,0,0)
DispatchTrackball(-1,335963,2,-2.0,-2.0,0.0,0.0,0,1.0,1.0,0,0)
DispatchTrackball(-1,335984,2,-1.0,-2.0,0.0,0.0,0,1.0,1.0,0,0)
DispatchTrackball(335707,336037,0,0.0,0.0,0.0,0.0,0,1.0,1.0,0,0)
DispatchTrackball(335707,336079,1,0.0,0.0,0.0,0.0,0,1.0,1.0,0,0)
DispatchKey(336136,336136,0,82,0,0,-1,0)
DispatchKey(336186,336186,1,82,0,0,-1,0)
DispatchPointer(336224,336224,0,397.0,803.0,0.0,0.0,0,1.0,1.0,0,0)
DispatchPointer(336224,336247,1,400.33813,791.30176,0.0,0.0,0,1.0,1.0,0,0)
DispatchPointer(336293,336293,0,157.0,820.0,0.0,0.0,0,1.0,1.0,0,0)
DispatchPointer(336293,336324,2,136.75514,806.78125,0.0,0.0,0,1.0,1.0,0,0)
DispatchPointer(336293,336342,2,127.68373,796.78955,0.0,0.0,0,1.0,1.0,0,0)
DispatchPointer(336293,336362,1,122.03934,791.19025,0.0,0.0,0,1.0,1.0,0,0)
DispatchKey(336397,336397,0,20,0,0,-1,0)
DispatchKey(336492,336492,1,20,0,0,-1,0)
DispatchKey(336527,336527,0,22,0,0,-1,0)
DispatchKey(336550,336550,1,22,0,0,-1,0)
DispatchKey(336566,336566,0,21,0,0,-1,0)
DispatchKey(336576,336576,1,21,0,0,-1,0)
DispatchPointer(336598,336598,0,413.0,161.0,0.0,0.0,0,1.0,1.0,0,0)
DispatchPointer(336598,336612,2,407.12433,177.10428,0.0,0.0,0,1.0,1.0,0,0)
DispatchPointer(336598,336636,2,395.89056,188.83046,0.0,0.0,0,1.0,1.0,0,0)
DispatchPointer(336598,336655,2,388.1599,198.7532,0.0,0.0,0,1.0,1.0,0,0)
DispatchPointer(336598,336673,2,383.50577,200.70143,0.0,0.0,0,1.0,1.0,0,0)
DispatchPointer(336598,336691,2,380.4506,210.1784,0.0,0.0,0,1.0,1.0,0,0)
DispatchPointer(336598,336710,1,369.48087,226.97218,0.0,0.0,0,1.0,1.0,0,0)
DispatchTrackball(-1,336760,2,3.0,-1.0,0.0,0.0,0,1.0,1.0,0,0)
DispatchTrackball(-1,336794,2,4.0,-1.0,0.0,0.0,0,1.0,1.0,0,0)
DispatchTrackball(-1,336814,2,2.0,0.0,0.0,0.0,0,1.0,1.0,0,0)
DispatchTrackball(-1,336821,2,4.0,-5.0,0.0,0.0,0,1.0,1.0,0,0)
DispatchTrackball(-1,336841,2,-5.0,4.0,0.0,0.0,0,1.0,1.0,0,0)
DispatchTrackball(-1,336848,2,2.0,-5.0,0.0,0.0,0,1.0,1.0,0,0)
DispatchTrackball(-1,336864,2,-4.0,-4.0,0.0,0.0,0,1.0,1.0,0,0)
DispatchTrackball(-1,336884,2,4.0,-4.0,0.0,0.0,0,1.0,1.0,0,0)
DispatchTrackball(-1,336903,2,4.0,4.0,0.0,0.0,0,1.0,1.0,0,0)
DispatchTrackball(-1,336911,2,4.0,1.0,0.0,0.0,0,1.0,1.0,0,0)
DispatchTrackball(336750,336918,0,0.0,0.0,0.0,0.0,0,1.0,1.0,0,0)
DispatchTrackball(336750,336969,1,0.0,0.0,0.0,0.0,0,1.0,1.0,0,0)
DispatchKey(337013,337013,0,3,0,0,-1,0)
DispatchKey(337028,337028,1,3,0,0,-1,0)
DispatchKey(337104,337104,0,203,0,0,-1,0)
DispatchKey(337120,337120,1,203,0,0,-1,0)
DispatchKey(337162,337162,0,20,0,0,-1,0)
DispatchKey(337211,337211,1,20,0,0,-1,0)
DispatchKey(337225,337225,0,22,0,0,-1,0)
DispatchKey(337270,337270,1,22,0,0,-1,0)
DispatchKey(337283,337283,0,82,0,0,-1,0)
DispatchKey(337313,337313,1,82,0,0,-1,0)
DispatchKey(337338,337338,0,21,0,0,-1,0)
DispatchKey(337359,337359,1,21,0,0,-1,0)
DispatchKey(337383,337383,0,23,0,0,-1,0)
DispatchKey(337401,337401,1,23,0,0,-1,0)
LaunchActivity(es.uc3m.cosec.simplelogin,es.uc3m.cosec.simplelogin.LoginActivity)
DispatchPointer(337472,337473,0,151.0,533.0,0.0,0.0,0,1.0,1.0,0,0)
DispatchPointer(337472,337505,1,143.84697,533.0848,0.0,0.0,0,1.0,1.0,0,0)
LaunchActivity(es.uc3m.cosec.simplelogin,es.uc3m.cosec.simplelogin.LoginActivity)
DispatchKey(337828,337828,0,82,0,0,-1,0)
DispatchKey(337849,337849,1,82,0,0,-1,0)
DispatchKey(337873,337873,0,82,0,0,-1,0)
DispatchKey(337885,337885,1,82,0,0,-1,0)
DispatchKey(337903,337903,0,183,0,0,-1,0)
DispatchKey(337917,337917,1,183,0,0,-1,0)
DispatchPointer(337948,337974,0,185.0,817.0,0.0,0.0,0,1.0,1.0,0,0)
DispatchPointer(337948,338009,2,182.47647,810.9921,0.0,0.0,0,1.0,1.0,0,0)
DispatchPointer(337948,338043,2,165.39983,808.9502,0.0,0.0,0,1.0,1.0,0,0)
DispatchPointer(337948,338075,2,147.89494,804.7998,0.0,0.0,0,1.0,1.0,0,0)
DispatchPointer(337948,338118,2,146.2884,802.6944,0.0,0.0,0,1.0,1.0,0,0)
DispatchPointer(337948,338138,2,131.01611,801.8453,0.0,0.0,0,1.0,1.0,0,0)
DispatchPointer(337948,338154,2,119.96843,799.0907,0.0,0.0,0,1.0,1.0,0,0)
DispatchPointer(337948,338175,2,100.703156,793.4724,0.0,0.0,0,1.0,1.0,0,0)
DispatchPointer(337948,338188,2,80.833694,788.7905,0.0,0.0,0,1.0,1.0,0,0)
DispatchPointer(337948,338227,1,66.06107,784.7107,0.0,0.0,0,1.0,1.0,0,0)
DispatchTrackball(-1,338270,2,-5.0,-3.0,0.0,0.0,0,1.0,1.0,0,0)
DispatchTrackball(-1,338343,2,-5.0,3.0,0.0,0.0,0,1.0,1.0,0,0)
DispatchTrackball(-1,338355,2,0.0,4.0,0.0,0.0,0,1.0,1.0,0,0)
DispatchTrackball(-1,338375,2,3.0,-1.0,0.0,0.0,0,1.0,1.0,0,0)
DispatchTrackball(-1,338395,2,2.0,-1.0,0.0,0.0,0,1.0,1.0,0,0)
DispatchTrackball(-1,338426,2,-3.0,0.0,0.0,0.0,0,1.0,1.0,0,0)
DispatchTrackball(-1,338441,2,-2.0,-4.0,0.0,0.0,0,1.0,1.0,0,0)
DispatchTrackball(-1,338458,2,-5.0,-5.0,0.0,0.0,0,1.0,1.0,0,0)
DispatchTrackball(-1,338473,2,2.0,3.0,0.0,0.0,0,1.0,1.0,0,0)
DispatchTrackball(-1,338493,2,-3.0,-1.0,0.0,0.0,0,1.0,1.0,0,0)
LaunchActivity(es.uc3m.cosec.simplelogin,es.uc3m.cosec.simplelogin.LoginActivity)
DispatchTrackball(-1,338572,2,-1.0,-4.0,0.0,0.0,0,1.0,1.0,0,0)
DispatchTrackball(-1,338606,2,-5.0,-2.0,0.0,0.0,0,1.0,1.0,0,0)
DispatchTrackball(-1,338638,2,4.0,-2.0,0.0,0.0,0,1.0,1.0,0,0)
DispatchTrackball(-1,338658,2,-4.0,4.0,0.0,0.0,0,1.0,1.0,0,0)
DispatchTrackball(-1,338671,2,-2.0,-2.0,0.0,0.0,0,1.0,1.0,0,0)
DispatchTrackball(-1,338691,2,4.0,-2.0,0.0,0.0,0,1.0,1.0,0,0)
DispatchTrackball(-1,338711,2,1.0,1.0,0.0,0.0,0,1.0,1.0,0,0)
DispatchTrackball(-1,338724,2,3.0,0.0,0.0,0.0,0,1.0,1.0,0,0)
DispatchTrackball(-1,338754,2,4.0,3.0,0.0,0.0,0,1.0,1.0,0,0)
DispatchTrackball(-1,338774,2,-5.0,4.0,0.0,0.0,0,1.0,1.0,0,0)
DispatchKey(338853,338853,0,21,0,0,-1,0)
DispatchKey(338876,338876,1,21,0,0,-1,0)
DispatchKey(338904,338904,0,23,0,0,-1,0)
DispatchKey(338935,338935,1,23,0,0,-1,0)
DispatchTrackball(-1,338962,2,-4.0,-5.0,0.0,0.0,0,1.0,1.0,0,0)
DispatchTrackball(-1,338998,2,-4.0,1.0,0.0,0.0,0,1.0,1.0,0,0)
DispatchTrackball(-1,339020,2,-1.0,4.0,0.0,0.0,0,1.0,1.0,0,0)
DispatchTrackball(-1,339044,2,-4.0,-2.0,0.0,0.0,0,1.0,1.0,0,0)
DispatchTrackball(-1,339066,2,-1.0,3.0,0.0,0.0,0,1.0,1.0,0,0)
DispatchTrackball(-1,339079,2,-3.0,3.0,0.0,0.0,0,1.0,1.0,0,0)
DispatchTrackball(-1,339094,2,-5.0,-1.0,0.0,0.0,0,1.0,1.0,0,0)
DispatchTrackball(-1,339109,2,-1.0,0.0,0.0,0.0,0,1.0,1.0,0,0)
DispatchTrackball(-1,339138,2,4.0,-2.0,0.0,0.0,0,1.0,1.0,0,0)
DispatchTrackball(-1,339166,2,-2.0,-3.0,0.0,0.0,0,1.0,1.0,0,0)
DispatchTrackball(-1,339196,2,-3.0,1.0,0.0,0.0,0,1.0,1.0,0,0)
DispatchTrackball(-1,339245,2,-3.0,3.0,0.0,0.0,0,1.0,1.0,0,0)
DispatchTrackball(-1,339258,2,1.0,-5.0,0.0,0.0,0,1.0,1.0,0,0)
DispatchTrackball(-1,339316,2,-3.0,3.0,0.0,0.0,0,1.0,1.0,0,0)
DispatchTrackball(-1,339350,2,-5.0,-2.0,0.0,0.0,0,1.0,1.0,0,0)
DispatchTrackball(-1,339405,2,4.0,3.0,0.0,0.0,0,1.0,1.0,0,0)
DispatchTrackball(-1,339423,2,-3.0,-4.0,0.0,0.0,0,1.0,1.0,0,0)
DispatchTrackball(-1,339446,2,4.0,-5.0,0.0,0.0,0,1.0,1.0,0,0)
DispatchTrackball(-1,339459,2,1.0,-1.0,0.0,0.0,0,1.0,1.0,0,0)
DispatchTrackball(-1,339488,2,1.0,-5.0,0.0,0.0,0,1.0,1.0,0,0)
DispatchKey(339517,339517,0,23,0,0,-1,0)
DispatchKey(339543,339543,1,23,0,0,-1,0)
DispatchTrackball(-1,339585,2,3.0,-2.0,0.0,0.0,0,1.0,1.0,0,0)
DispatchTrackball(-1,339636,2,3.0,2.0,0.0,0.0,0,1.0,1.0,0,0)
DispatchTrackball(-1,339644,2,-2.0,3.0,0.0,0.0,0,1.0,1.0,0,0)
DispatchTrackball(-1,339660,2,-3.0,-3.0,0.0,0.0,0,1.0,1.0,0,0)
DispatchTrackball(-1,339680,2,-3.0,-2.0,0.0,0.0,0,1.0,1.0,0,0)
DispatchTrackball(-1,339688,2,-2.0,1.0,0.0,0.0,0,1.0,1.0,0,0)
DispatchTrackball(-1,339724,2,-2.0,-5.0,0.0,0.0,0,1.0,1.0,0,0)
DispatchTrackball(-1,339743,2,-2.0,3.0,0.0,0.0,0,1.0,1.0,0,0)
DispatchTrackball(-1,339762,2,-1.0,-3.0,0.0,0.0,0,1.0,1.0,0,0)
DispatchTrackball(-1,339777,2,2.0,4.0,0.0,0.0,0,1.0,1.0,0,0)
DispatchKey(339807,339807,0,20,0,0,-1,0)
DispatchKey(339884,339884,1,20,0,0,-1,0)
DispatchKey(339917,339917,0,23,0,0,-1,0)
DispatchKey(339946,339946,1,23,0,0,-1,0)
DispatchPointer(339978,339979,0,176.0,554.0,0.0,0.0,0,1.0,1.0,0,0)
DispatchPointer(339978,340006,1,176.20438,577.9143,0.0,0.0,0,1.0,1.0,0,0)
DispatchKey(340035,340035,0,20,0,0,-1,0)
DispatchKey(340071,340071,1,20,0,0,-1,0)
DispatchTrackball(-1,340094,2,0.0,-4.0,0.0,0.0,0,1.0,1.0,0,0)
DispatchTrackball(-1,340109,2,0.0,-5.0,0.0,0.0,0,1.0,1.0,0,0)
DispatchTrackball(-1,340142,2,1.0,1.0,0.0,0.0,0,1.0,1.0,0,0)
DispatchTrackball(-1,340161,2,0.0,3.0,0.0,0.0,0,1.0,1.0,0,0)
DispatchTrackball(-1,340174,2,3.0,3.0,0.0,0.0,0,1.0,1.0,0,0)
DispatchTrackball(-1,340192,2,2.0,-5.0,0.0,0.0,0,1.0,1.0,0,0)
DispatchTrackball(-1,340212,2,-1.0,1.0,0.0,0.0,0,1.0,1.0,0,0)
DispatchTrackball(-1,340223,2,-3.0,1.0,0.0,0.0,0,1.0,1.0,0,0)
DispatchTrackball(-1,340243,2,4.0,-2.0,0.0,0.0,0,1.0,1.0,0,0)
DispatchTrackball(-1,340270,2,-5.0,2.0,0.0,0.0,0,1.0,1.0,0,0)
DispatchPointer(340301,340302,0,249.0,398.0,0.0,0.0,0,1.0,1.0,0,0)
DispatchPointer(340301,340330,2,253.47084,378.11218,0.0,0.0,0,1.0,1.0,0,0)
DispatchPointer(340301,340339,1,254.93304,376.89835,0.0,0.0,0,1.0,1.0,0,0)
DispatchKey(340386,340386,0,21,0,0,-1,0)
DispatchKey(340414,340414,1,21,0,0,-1,0)
DispatchKey(340440,340440,0,21,0,0,-1,0)
DispatchKey(340462,340462,1,21,0,0,-1,0)
DispatchTrackball(-1,340478,2,1.0,1.0,0.0,0.0,0,1.0,1.0,0,0)
DispatchTrackball(-1,340490,2,-2.0,2.0,0.0,0.0,0,1.0,1.0,0,0)
DispatchTrackball(-1,340515,2,-2.0,4.0,0.0,0.0,0,1.0,1.0,0,0)
DispatchTrackball(-1,340535,2,2.0,1.0,0.0,0.0,0,1.0,1.0,0,0)
DispatchTrackball(-1,340542,2,3.0,-1.0,0.0,0.0,0,1.0,1.0,0,0)
DispatchTrackball(-1,340548,2,-3.0,-4.0,0.0,0.0,0,1.0,1.0,0,0)
DispatchTrackball(-1,340571,2,0.0,3.0,0.0,0.0,0,1.0,1.0,0,0)
DispatchTrackball(-1,340591,2,-4.0,-5.0,0.0,0.0,0,1.0,1.0,0,0)
DispatchTrackball(-1,340599,2,-1.0,-3.0,0.0,0.0,0,1.0,1.0,0,0)
DispatchTrackball(-1,340637,2,0.0,-4.0,0.0,0.0,0,1.0,1.0,0,0)
DispatchKey(340667,340667,0,27,0,0,-1,0)
DispatchKey(340694,340694,1,27,0,0,-1,0)
DispatchKey(340709,340709,0,19,0,0,-1,0)
DispatchKey(340848,340848,1,19,0,0,-1,0)
DispatchKey(340999,340999,0,19,0,0,-1,0)
DispatchKey(341039,341039,1,19,0,0,-1,0)
DispatchKey(341073,341073,0,206,0,0,-1,0)
DispatchKey(341096,341096,1,206,0,0,-1,0)
DispatchFlip(false)
DispatchKey(341277,341277,0,195,0,0,-1,0)
DispatchKey(341360,341360,1,195,0,0,-1,0)
DispatchKey(341379,341379,0,21,0,0,-1,0)
DispatchKey(341408,341408,1,21,0,0,-1,0)
DispatchPointer(341458,341461,0,134.0,533.0,0.0,0.0,0,1.0,1.0,0,0)
DispatchPointer(341458,341559,261,134.58226,530.2272,0.0,0.0,0,1.0,1.0,0,0)
DispatchPointer(341458,341615,2,150.44545,513.5987,0.0,0.0,0,1.0,1.0,0,0)
DispatchPointer(341458,341646,2,151.26451,497.58887,0.0,0.0,0,1.0,1.0,0,0)
DispatchPointer(341458,341686,2,152.30663,491.26315,0.0,0.0,0,1.0,1.0,0,0)
DispatchPointer(341458,341696,2,153.17902,482.7785,0.0,0.0,0,1.0,1.0,0,0)
DispatchPointer(341458,341732,2,154.73845,475.64642,0.0,0.0,0,1.0,1.0,0,0)
DispatchPointer(341458,341755,262,161.12813,463.02652,0.0,0.0,0,1.0,1.0,0,0)
DispatchPointer(341458,341774,1,166.55971,448.59982,0.0,0.0,0,1.0,1.0,0,0)
DispatchKey(341819,341819,0,19,0,0,-1,0)
DispatchKey(341887,341887,1,19,0,0,-1,0)
DispatchKey(341920,341920,0,23,0,0,-1,0)
DispatchKey(341935,341935,1,23,0,0,-1,0)
DispatchKey(341968,341968,0,14,0,0,-1,0)
DispatchKey(341996,341996,1,14,0,0,-1,0)
DispatchKey(342036,342036,0,23,0,0,-1,0)
DispatchKey(342072,342072,1,23,0,0,-1,0)
DispatchKey(342159,342159,0,25,0,0,-1,0)
DispatchKey(342329,342329,1,25,0,0,-1,0)
DispatchPointer(342366,342367,0,464.0,835.0,0.0,0.0,0,1.0,1.0,0,0)
DispatchPointer(342366,342425,2,459.78882,830.48206,0.0,0.0,0,1.0,1.0,0,0)
DispatchPointer(342366,342440,2,459.18094,827.33246,0.0,0.0,0,1.0,1.0,0,0)
DispatchPointer(342366,342474,2,458.2772,826.3559,0.0,0.0,0,1.0,1.0,0,0)
DispatchPointer(342366,342501,1,458.2551,818.1974,0.0,0.0,0,1.0,1.0,0,0)
DispatchKey(343085,343085,0,82,0,0,-1,0)
DispatchKey(343103,343103,1,82,0,0,-1,0)
DispatchTrackball(-1,343134,2,-1.0,0.0,0.0,0.0,0,1.0,1.0,0,0)
DispatchTrackball(-1,343148,2,-3.0,2.0,0.0,0.0,0,1.0,1.0,0,0)
DispatchTrackball(-1,343164,2,2.0,4.0,0.0,0.0,0,1.0,1.0,0,0)
DispatchTrackball(-1,343176,2,-2.0,-3.0,0.0,0.0,0,1.0,1.0,0,0)
DispatchTrackball(-1,343202,2,-3.0,-3.0,0.0,0.0,0,1.0,1.0,0,0)
DispatchTrackball(-1,343209,2,0.0,-4.0,0.0,0.0,0,1.0,1.0,0,0)
